3.200000000000000000e+01
8.537000000000000000e+03
1.022000000000000000e+03
2.570000000000000000e+02
1.104000000000000000e+04
2.836000000000000000e+03
2.900000000000000000e+02
2.810000000000000000e+02
1.166600000000000000e+04
4.430000000000000000e+03
8.796000000000000000e+03
1.300000000000000000e+01
3.830000000000000000e+02
8.796000000000000000e+03
3.607000000000000000e+03
7.613000000000000000e+03
1.100000000000000000e+01
6.496000000000000000e+03
1.100000000000000000e+01
2.900000000000000000e+02
2.350700000000000000e+04
7.429000000000000000e+03
2.840000000000000000e+02
2.620000000000000000e+02
2.836000000000000000e+03
3.380000000000000000e+02
2.683000000000000000e+03
1.300000000000000000e+01
1.294000000000000000e+03
1.137000000000000000e+03
2.500000000000000000e+01
2.200000000000000000e+02
-2.000000000000000000e+02
1.980000000000000000e+02
2.061000000000000000e+03
3.890000000000000000e+02
7.770000000000000000e+02
3.000000000000000000e+01
2.499400000000000000e+04
8.808000000000000000e+03
8.643000000000000000e+03
2.500000000000000000e+01
