3.830000000000000000e+02
2.939000000000000000e+03
3.033000000000000000e+03
2.570000000000000000e+02
7.872000000000000000e+03
2.900000000000000000e+02
2.042000000000000000e+03
1.753600000000000000e+04
1.621200000000000000e+04
1.958400000000000000e+04
3.190000000000000000e+02
2.620000000000000000e+02
1.735000000000000000e+03
2.860000000000000000e+02
2.570000000000000000e+02
4.675000000000000000e+03
1.300000000000000000e+01
3.830000000000000000e+02
1.753600000000000000e+04
3.180000000000000000e+02
1.937800000000000000e+04
2.870000000000000000e+02
2.166000000000000000e+03
2.860000000000000000e+02
2.570000000000000000e+02
2.042000000000000000e+03
1.399000000000000000e+04
2.900000000000000000e+02
3.180000000000000000e+02
2.276500000000000000e+04
1.306000000000000000e+03
2.840000000000000000e+02
2.570000000000000000e+02
5.509000000000000000e+03
1.300000000000000000e+01
5.540000000000000000e+02
2.620000000000000000e+02
4.469000000000000000e+03
1.100000000000000000e+01
6.120000000000000000e+02
3.180000000000000000e+02
2.570000000000000000e+02
2.330000000000000000e+03
7.779000000000000000e+03
2.900000000000000000e+02
2.570000000000000000e+02
4.675000000000000000e+03
1.657000000000000000e+03
1.300000000000000000e+01
3.830000000000000000e+02
1.753600000000000000e+04
3.180000000000000000e+02
6.476000000000000000e+03
2.620000000000000000e+02
4.676000000000000000e+03
1.100000000000000000e+01
3.501000000000000000e+03
2.570000000000000000e+02
1.598000000000000000e+03
1.570000000000000000e+03
2.860000000000000000e+02
6.630000000000000000e+02
7.872000000000000000e+03
2.900000000000000000e+02
2.042000000000000000e+03
3.124000000000000000e+03
7.791000000000000000e+03
1.300000000000000000e+01
3.830000000000000000e+02
4.675000000000000000e+03
1.657000000000000000e+03
3.180000000000000000e+02
5.140000000000000000e+03
3.190000000000000000e+02
2.620000000000000000e+02
8.260000000000000000e+02
1.735000000000000000e+03
2.860000000000000000e+02
2.620000000000000000e+02
2.939000000000000000e+03
1.100000000000000000e+01
9.810000000000000000e+02
2.620000000000000000e+02
2.330000000000000000e+03
7.779000000000000000e+03
3.180000000000000000e+02
2.276500000000000000e+04
3.190000000000000000e+02
2.620000000000000000e+02
1.364000000000000000e+03
1.735000000000000000e+03
1.300000000000000000e+01
3.830000000000000000e+02
2.042000000000000000e+03
1.399000000000000000e+04
3.155500000000000000e+04
2.620000000000000000e+02
1.753600000000000000e+04
4.220000000000000000e+02
2.620000000000000000e+02
5.509000000000000000e+03
2.900000000000000000e+02
2.620000000000000000e+02
4.675000000000000000e+03
1.300000000000000000e+01
3.830000000000000000e+02
4.045000000000000000e+03
3.715000000000000000e+03
5.644000000000000000e+03
2.570000000000000000e+02
5.897000000000000000e+03
4.675000000000000000e+03
3.510000000000000000e+02
1.958400000000000000e+04
5.672000000000000000e+03
1.300000000000000000e+01
5.025600000000000000e+04
